580551417270274
71102177230848
4611826798871707648
144401061133943107
577038000211493504
3382175160336448
35358452547601
1171217413531287552
54078380440027152
4812076777480
578730144438092800
193599954224128
1233986453862645776
283501431042
34376778016
73227491598156032
9817849455448227904
1225542051016229376
36609493778333960
45080152836734992
6922173639924645888
1297635928668439048
289356276126269696
36037628160934016
289391597959774242
35734334473232
9640587074600968
4684870612153271432
9367769318936330240
9570699099242626
19791276475266
11332125215163456
3458799699604275776
18184895987779
5016589434953
9224780545643315264
4612813026436843648
1424984585111552
9223657912294049024
3458782313305867008
288407432420393088
1152930335609069568
1984071957745664
4612249123069904896
9077580926812672
422497325425152
292736331571004032
18049738578329602
4620702565762596866
613619917070532676
14636836295409680
2485986997026750592
72058161264132096
290482738690023428
9520609895731168264
13651607262675008
648694714879969280
18014550176563346
9223935298197586480
220714315028889632
62122809753728
1729452628087570440
72152220758458376
4620767985547642368
72077664422232064
1226105071574974592
864972878846632962
9241667946042900612
11673352232966890500
36030996050617344
288230934536259588
648520683885824256
35185320263904
9263908832772427776
1731669242572702016
9043088269902338
184665194104883328
72127971388818560
9051454614569216
571815327989764
612491886053171202
288371946870084608
1161928772602300416
2306441162866688260
18040907048960001
1334230973167960584
5638355757040148
738590613819097222
288305489224401440
151735087677568
1162493371820019712
10376295740761769984
18025462882631942
153126854163693696
288793327447351554
703825149184256
288265629278929057
19145246773346440
19149647486517376
72198503660589056
9078813606578184
45038195338936576
72058710947661826
2386907940020813889
38280665620547584
2251868554277896
37154736253700352
318862667550728
3458782140366455072
72620561171390592
1225155026956079112
633954386837648
35467840979520
36187143973963809
600951857872928
4688814577290314000
4758334498607726848
580973165271220544
144775034641072160
638267642937360
177022521311281
2261219230646338
35185484646145
585749444832530433
90076528303474690
3476796521729525825
3459910204945334337
180144535405592646
